0.00928737373616  0.00571629722535
0.00370598320254  0.0506459660249
0.00936652330239  0.0171082458644
0.00609157339061  0.0267011125656
0.010067529425  0.00857799337622
0.00863755784076  0.0450380597719
0.0150159501765  0.0157245264477
0.0208423454263  0.016392354228
0.018002259175  0.0126877157288
0.0023238626337  0.00740380457506
0.0232101220396  0.0261492754214
0.0220707392289  0.0304699473196
0.0243689579089  0.00323013888615
0.0212685857291  0.0207404668049
0.0024726555904  0.0276033100855
0.0061372620109  0.0202493907287
0.010718415221  0.0108311573387
0.0219781198475  0.0104476986586
0.00753711117655  0.0239099757755
0.0172247412982  0.014995868368
0.0273978416308  0.0145154654919
0.0355687876921  0.00926426571536
0.012155303329  0.00805054382242
0.0108462216087  0.0136953306091
0.0226232934113  0.0361591736057
0.0199922804067  0.0204862270437
0.0143268583365  0.0347240360031
0.00847733347136  0.0104138790406
0.0550092125781  0.0110742629749
0.0066144083882  0.0196459238756
